Ag24Sb8S24_Li-Sb-S4:-95.44731
Ag4Sb20S32_K-Sb-S1:-109.37959
K32Al8S28_K-Al-O0:-55.08362
K4Bi20Se32_K-Sb-S2:-56.50564
K4Sb20Se32_Tl-Sb-S1:-142.92575
Li24Al8S24_Na-Al-S0:-135.11219
Li24Al8Se24_Na-Al-S0:-162.03568
